<?xml version="1.0" encoding="UTF-8" standalone="no"?>
<!-- Created with Inkscape (http://www.inkscape.org/) -->

<svg
   width="210mm"
   height="297mm"
   viewBox="0 0 210 297"
   version="1.1"
   id="svg1863"
   xmlns="http://www.w3.org/2000/svg"
   xmlns:svg="http://www.w3.org/2000/svg">
  <defs
     id="defs1860" />
  <g
     id="layer1">
    <g
       aria-label="Enter Play mode,
and click here
for runtime 
examples!"
       id="text1869"
       style="font-size:25.4px;text-align:center;text-anchor:middle;stroke-width:0.265">
      <path
         d="M 22.751938,55.709675 H 10.585239 v -18.46709 h 12.166699 v 2.182813 h -9.711035 v 5.060156 h 9.711035 v 2.182812 h -9.711035 v 6.858496 h 9.711035 z"
         style="fill:#ff003a"
         id="path4548" />
      <path
         d="m 38.044028,55.709675 h -2.331641 v -7.887891 q 0,-0.95498 -0.111621,-1.785937 -0.111621,-0.84336 -0.409277,-1.314649 -0.310059,-0.520898 -0.892969,-0.768945 -0.58291,-0.260449 -1.513086,-0.260449 -0.954981,0 -1.996777,0.471289 -1.041797,0.471289 -1.996778,1.203027 v 10.343555 h -2.33164 V 41.856257 h 2.33164 v 1.537891 q 1.091407,-0.905371 2.257227,-1.413867 1.16582,-0.508497 2.393652,-0.508497 2.244824,0 3.423047,1.351856 1.178223,1.351855 1.178223,3.894336 z"
         style="fill:#ff003a"
         id="path4550" />
      <path
         d="m 49.727035,55.585651 q -0.657324,0.173633 -1.438672,0.285254 -0.768945,0.111621 -1.37666,0.111621 -2.120801,0 -3.22461,-1.141015 -1.103808,-1.141016 -1.103808,-3.658692 v -7.366992 h -1.575098 v -1.95957 h 1.575098 v -3.981152 h 2.33164 v 3.981152 h 4.81211 v 1.95957 h -4.81211 v 6.312793 q 0,1.091406 0.04961,1.711524 0.04961,0.607714 0.347265,1.141015 0.272852,0.496094 0.744141,0.731739 0.483691,0.223242 1.463477,0.223242 0.570507,0 1.190625,-0.161231 0.620117,-0.173633 0.892968,-0.285254 h 0.124024 z"
         style="fill:#ff003a"
         id="path4552" />
      <path
         d="M 64.138557,49.024812 H 53.931428 q 0,1.277441 0.384472,2.232421 0.384473,0.942579 1.0542,1.550293 0.644922,0.595313 1.525488,0.892969 0.892969,0.297656 1.95957,0.297656 1.413867,0 2.840137,-0.558105 1.438672,-0.570508 2.046387,-1.116211 h 0.124023 v 2.54248 q -1.178223,0.496094 -2.406055,0.830957 -1.227832,0.334864 -2.579687,0.334864 -3.447852,0 -5.382617,-1.860352 -1.934766,-1.872754 -1.934766,-5.308203 0,-3.398242 1.847949,-5.395019 1.860352,-1.996778 4.886524,-1.996778 2.802929,0 4.316015,1.63711 1.525489,1.637109 1.525489,4.650879 z m -2.269629,-1.785938 q -0.0124,-1.835547 -0.930176,-2.840136 -0.905371,-1.00459 -2.765723,-1.00459 -1.872754,0 -2.988964,1.103808 -1.103809,1.103809 -1.252637,2.740918 z"
         style="fill:#ff003a"
         id="path4554" />
      <path
         d="m 76.317658,44.398738 h -0.124023 q -0.520899,-0.124024 -1.016992,-0.173633 -0.483692,-0.06201 -1.153418,-0.06201 -1.079004,0 -2.083594,0.483691 -1.00459,0.471289 -1.934766,1.227832 v 9.835059 h -2.33164 V 41.856257 h 2.33164 v 2.046387 q 1.389063,-1.116211 2.443262,-1.575098 1.066602,-0.471289 2.17041,-0.471289 0.607715,0 0.880567,0.03721 0.272851,0.02481 0.818554,0.111621 z"
         style="fill:#ff003a"
         id="path4556" />
      <path
         d="m 99.708479,42.82364 q 0,1.227832 -0.434082,2.282031 -0.421679,1.041797 -1.190625,1.810742 -0.95498,0.954981 -2.257226,1.438672 -1.302246,0.471289 -3.286621,0.471289 h -2.455664 v 6.883301 h -2.455664 v -18.46709 h 5.010546 q 1.661914,0 2.815332,0.285254 1.153418,0.272852 2.046387,0.868164 1.054199,0.706934 1.624707,1.761133 0.58291,1.054199 0.58291,2.666504 z m -2.554883,0.06201 q 0,-0.954981 -0.334863,-1.661914 Q 96.48387,40.516804 95.801741,40.07032 95.206428,39.685847 94.437483,39.524616 93.68094,39.350984 92.51512,39.350984 h -2.430859 v 7.379394 h 2.071191 q 1.488281,0 2.418457,-0.260449 0.930176,-0.272852 1.513086,-0.855762 0.58291,-0.595312 0.818555,-1.252637 0.248046,-0.657324 0.248046,-1.475878 z"
         style="fill:#ff003a"
         id="path4558" />
      <path
         d="m 105.1159,55.709675 h -2.33164 V 36.411628 h 2.33164 z"
         style="fill:#ff003a"
         id="path4560" />
      <path
         d="m 120.49481,55.709675 h -2.31924 v -1.475879 q -0.31006,0.21084 -0.84336,0.595312 -0.5209,0.372071 -1.01699,0.595313 -0.58291,0.285254 -1.33946,0.471289 -0.75654,0.198437 -1.77353,0.198437 -1.87276,0 -3.175,-1.240234 -1.30225,-1.240234 -1.30225,-3.162597 0,-1.575098 0.66973,-2.542481 0.68213,-0.979785 1.93476,-1.537891 1.26504,-0.558105 3.03858,-0.756542 1.77353,-0.198438 3.80752,-0.297657 v -0.359668 q 0,-0.79375 -0.28526,-1.314648 -0.27285,-0.520899 -0.79375,-0.818555 -0.49609,-0.285254 -1.19062,-0.384472 -0.69453,-0.09922 -1.45108,-0.09922 -0.91777,0 -2.04638,0.248047 -1.12862,0.235644 -2.33164,0.694531 h -0.12403 v -2.368848 q 0.68213,-0.186035 1.97198,-0.409277 1.28984,-0.223242 2.54248,-0.223242 1.46347,0 2.54248,0.248047 1.0914,0.235644 1.88515,0.818554 0.78135,0.570508 1.19063,1.475879 0.40928,0.905371 0.40928,2.244824 z m -2.31924,-3.410645 v -3.857128 q -1.0666,0.06201 -2.51768,0.186035 -1.43867,0.124023 -2.28203,0.359668 -1.00459,0.285254 -1.62471,0.892968 -0.62011,0.595313 -0.62011,1.649512 0,1.190625 0.71933,1.79834 0.71934,0.595312 2.19522,0.595312 1.22783,0 2.24482,-0.471289 1.01699,-0.483691 1.88516,-1.153418 z"
         style="fill:#ff003a"
         id="path4562" />
      <path
         d="m 136.76669,41.856257 -8.08633,18.963183 h -2.49287 l 2.57968,-5.779492 -5.51904,-13.183691 h 2.53008 l 4.254,10.269141 4.29121,-10.269141 z"
         style="fill:#ff003a"
         id="path4564" />
      <path
         d="m 168.96317,55.709675 h -2.33164 v -7.887891 q 0,-0.892968 -0.0868,-1.723925 -0.0744,-0.830957 -0.33486,-1.327051 -0.28526,-0.533301 -0.81856,-0.806153 -0.5333,-0.272851 -1.53789,-0.272851 -0.97978,0 -1.95957,0.496094 -0.97978,0.483691 -1.95957,1.240234 0.0372,0.285254 0.062,0.669727 0.0248,0.37207 0.0248,0.74414 v 8.867676 h -2.33164 v -7.887891 q 0,-0.917773 -0.0868,-1.736328 -0.0744,-0.830957 -0.33486,-1.327051 -0.28526,-0.5333 -0.81856,-0.79375 -0.5333,-0.272851 -1.53789,-0.272851 -0.95498,0 -1.92236,0.471289 -0.95498,0.471289 -1.90996,1.203027 v 10.343555 h -2.33164 V 41.856257 h 2.33164 v 1.537891 q 1.0914,-0.905371 2.17041,-1.413867 1.09141,-0.508497 2.31924,-0.508497 1.41386,0 2.39365,0.595313 0.99219,0.595312 1.47588,1.649512 1.41387,-1.190625 2.57969,-1.711524 1.16582,-0.533301 2.49287,-0.533301 2.28203,0 3.36103,1.389063 1.09141,1.37666 1.09141,3.857129 z"
         style="fill:#ff003a"
         id="path4566" />
      <path
         d="m 185.25984,48.789167 q 0,3.38584 -1.73633,5.34541 -1.73633,1.95957 -4.65088,1.95957 -2.93935,0 -4.67568,-1.95957 -1.72393,-1.95957 -1.72393,-5.34541 0,-3.38584 1.72393,-5.34541 1.73633,-1.971973 4.67568,-1.971973 2.91455,0 4.65088,1.971973 1.73633,1.95957 1.73633,5.34541 z m -2.40606,0 q 0,-2.691308 -1.0542,-3.993555 -1.05419,-1.314648 -2.92695,-1.314648 -1.89756,0 -2.95176,1.314648 -1.04179,1.302247 -1.04179,3.993555 0,2.604492 1.0542,3.956348 1.0542,1.339453 2.93935,1.339453 1.86035,0 2.91455,-1.327051 1.0666,-1.339453 1.0666,-3.96875 z"
         style="fill:#ff003a"
         id="path4568" />
      <path
         d="m 200.10545,55.709675 h -2.33164 v -1.451074 q -1.00459,0.868164 -2.09599,1.351855 -1.09141,0.483691 -2.36885,0.483691 -2.48047,0 -3.94395,-1.90996 -1.45107,-1.909961 -1.45107,-5.295801 0,-1.761133 0.49609,-3.137793 0.5085,-1.37666 1.36426,-2.344043 0.84336,-0.942578 1.95957,-1.438672 1.12861,-0.496094 2.33164,-0.496094 1.09141,0 1.93477,0.235645 0.84336,0.223242 1.77353,0.706934 v -6.002735 h 2.33164 z m -2.33164,-3.410645 v -7.949902 q -0.94258,-0.42168 -1.68672,-0.58291 -0.74414,-0.16123 -1.6247,-0.16123 -1.95957,0 -3.05098,1.364257 -1.09141,1.364258 -1.09141,3.869532 0,2.468066 0.84336,3.75791 0.84336,1.277441 2.70371,1.277441 0.99219,0 2.00918,-0.434082 1.017,-0.446484 1.89756,-1.141016 z"
         style="fill:#ff003a"
         id="path4570" />
      <path
         d="m 216.29052,49.024812 h -10.20713 q 0,1.277441 0.38447,2.232421 0.38447,0.942579 1.0542,1.550293 0.64492,0.595313 1.52549,0.892969 0.89297,0.297656 1.95957,0.297656 1.41386,0 2.84013,-0.558105 1.43868,-0.570508 2.04639,-1.116211 h 0.12402 v 2.54248 q -1.17822,0.496094 -2.40605,0.830957 -1.22783,0.334864 -2.57969,0.334864 -3.44785,0 -5.38262,-1.860352 -1.93476,-1.872754 -1.93476,-5.308203 0,-3.398242 1.84795,-5.395019 1.86035,-1.996778 4.88652,-1.996778 2.80293,0 4.31602,1.63711 1.52549,1.637109 1.52549,4.650879 z m -2.26963,-1.785938 q -0.0124,-1.835547 -0.93018,-2.840136 -0.90537,-1.00459 -2.76572,-1.00459 -1.87276,0 -2.98897,1.103808 -1.10381,1.103809 -1.25263,2.740918 z"
         style="fill:#ff003a"
         id="path4572" />
      <path
         d="m 224.6621,52.175007 -3.49746,8.123535 h -1.81075 l 2.15801,-8.123535 z"
         style="fill:#ff003a"
         id="path4574" />
      <path
         d="m 41.684115,87.459674 h -2.319238 v -1.475879 q -0.310059,0.21084 -0.843359,0.595313 -0.520899,0.37207 -1.016993,0.595312 -0.58291,0.285254 -1.339453,0.47129 -0.756543,0.198437 -1.773535,0.198437 -1.872754,0 -3.175,-1.240234 -1.302246,-1.240235 -1.302246,-3.162598 0,-1.575098 0.669727,-2.54248 0.682129,-0.979786 1.934765,-1.537891 1.265039,-0.558105 3.038574,-0.756543 1.773536,-0.198437 3.80752,-0.297656 v -0.359668 q 0,-0.79375 -0.285254,-1.314649 -0.272851,-0.520898 -0.79375,-0.818554 -0.496094,-0.285254 -1.190625,-0.384473 -0.694531,-0.09922 -1.451074,-0.09922 -0.917774,0 -2.046387,0.248047 -1.128613,0.235645 -2.33164,0.694531 h -0.124024 v -2.368847 q 0.682129,-0.186035 1.971973,-0.409277 1.289844,-0.223243 2.54248,-0.223243 1.463477,0 2.542481,0.248047 1.091406,0.235645 1.885156,0.818555 0.781348,0.570508 1.190625,1.475879 0.409277,0.905371 0.409277,2.244824 z M 39.364877,84.04903 v -3.857129 q -1.066602,0.06201 -2.517676,0.186035 -1.438672,0.124024 -2.282031,0.359668 -1.00459,0.285254 -1.624707,0.892969 -0.620117,0.595312 -0.620117,1.649512 0,1.190625 0.719336,1.798339 0.719336,0.595313 2.195215,0.595313 1.227832,0 2.244824,-0.471289 1.016992,-0.483692 1.885156,-1.153418 z"
         style="fill:#ff003a"
         id="path4576" />
      <path
         d="m 57.757553,87.459674 h -2.331641 v -7.88789 q 0,-0.954981 -0.111621,-1.785938 -0.111621,-0.843359 -0.409277,-1.314648 -0.310059,-0.520898 -0.892969,-0.768945 -0.58291,-0.26045 -1.513086,-0.26045 -0.95498,0 -1.996777,0.47129 -1.041797,0.471289 -1.996778,1.203027 v 10.343554 h -2.33164 V 73.606257 h 2.33164 v 1.53789 q 1.091407,-0.905371 2.257227,-1.413867 1.16582,-0.508496 2.393652,-0.508496 2.244824,0 3.423047,1.351855 1.178223,1.351856 1.178223,3.894336 z"
         style="fill:#ff003a"
         id="path4578" />
      <path
         d="M 73.483724,87.459674 H 71.152083 V 86.0086 q -1.00459,0.868164 -2.095996,1.351856 -1.091406,0.483691 -2.368847,0.483691 -2.480469,0 -3.943946,-1.909961 -1.451074,-1.909961 -1.451074,-5.295801 0,-1.761132 0.496094,-3.137793 0.508496,-1.37666 1.364258,-2.344042 0.843359,-0.942579 1.95957,-1.438672 1.128613,-0.496094 2.331641,-0.496094 1.091406,0 1.934765,0.235644 0.843359,0.223243 1.773535,0.706934 v -6.002734 h 2.331641 z M 71.152083,84.04903 v -7.949902 q -0.942578,-0.42168 -1.686718,-0.58291 -0.744141,-0.161231 -1.624708,-0.161231 -1.95957,0 -3.050976,1.364258 -1.091406,1.364258 -1.091406,3.869531 0,2.468066 0.843359,3.75791 0.843359,1.277442 2.703711,1.277442 0.992187,0 2.00918,-0.434083 1.016992,-0.446484 1.897558,-1.141015 z"
         style="fill:#ff003a"
         id="path4580" />
      <path
         d="m 97.246614,86.59151 q -1.165821,0.558106 -2.22002,0.868164 -1.041797,0.310059 -2.220019,0.310059 -1.500684,0 -2.753321,-0.434082 -1.252636,-0.446484 -2.145605,-1.339453 -0.905371,-0.892969 -1.401465,-2.257227 -0.496094,-1.364258 -0.496094,-3.187402 0,-3.398242 1.860352,-5.333008 1.872754,-1.934765 4.936133,-1.934765 1.190625,0 2.33164,0.334863 1.153418,0.334863 2.108399,0.818555 v 2.592089 H 97.12259 q -1.066601,-0.830957 -2.207617,-1.277441 -1.128613,-0.446484 -2.207617,-0.446484 -1.984375,0 -3.137793,1.339453 -1.141016,1.327051 -1.141016,3.906738 0,2.505273 1.116211,3.857129 1.128614,1.339453 3.162598,1.339453 0.706934,0 1.438672,-0.186035 0.731738,-0.186035 1.314648,-0.483692 0.508496,-0.260449 0.954981,-0.545703 0.446484,-0.297656 0.706933,-0.508496 h 0.124024 z"
         style="fill:#ff003a"
         id="path4582" />
      <path
         d="m 102.59202,87.459674 h -2.33164 V 68.161628 h 2.33164 z"
         style="fill:#ff003a"
         id="path4584" />
      <path
         d="m 109.71097,71.287018 h -2.6293 v -2.418457 h 2.6293 z m -0.14883,16.172656 H 107.2305 V 73.606257 h 2.33164 z"
         style="fill:#ff003a"
         id="path4586" />
      <path
         d="m 124.42015,86.59151 q -1.16582,0.558106 -2.22002,0.868164 -1.04179,0.310059 -2.22002,0.310059 -1.50068,0 -2.75332,-0.434082 -1.25263,-0.446484 -2.1456,-1.339453 -0.90537,-0.892969 -1.40147,-2.257227 -0.49609,-1.364258 -0.49609,-3.187402 0,-3.398242 1.86035,-5.333008 1.87275,-1.934765 4.93613,-1.934765 1.19063,0 2.33164,0.334863 1.15342,0.334863 2.1084,0.818555 v 2.592089 h -0.12402 q -1.0666,-0.830957 -2.20762,-1.277441 -1.12861,-0.446484 -2.20762,-0.446484 -1.98437,0 -3.13779,1.339453 -1.14101,1.327051 -1.14101,3.906738 0,2.505273 1.11621,3.857129 1.12861,1.339453 3.16259,1.339453 0.70694,0 1.43868,-0.186035 0.73173,-0.186035 1.31464,-0.483692 0.5085,-0.260449 0.95498,-0.545703 0.44649,-0.297656 0.70694,-0.508496 h 0.12402 z"
         style="fill:#ff003a"
         id="path4588" />
      <path
         d="m 139.98509,87.459674 h -3.07578 l -5.55625,-6.064746 -1.51309,1.438672 v 4.626074 h -2.33164 V 68.161628 h 2.33164 v 12.377539 l 6.73448,-6.93291 h 2.93935 l -6.43681,6.399609 z"
         style="fill:#ff003a"
         id="path4590" />
      <path
         d="m 162.95423,87.459674 h -2.33164 v -7.88789 q 0,-0.954981 -0.11162,-1.785938 -0.11162,-0.843359 -0.40928,-1.314648 -0.31006,-0.520898 -0.89297,-0.768945 -0.58291,-0.26045 -1.51308,-0.26045 -0.95498,0 -1.99678,0.47129 -1.0418,0.471289 -1.99678,1.203027 v 10.343554 h -2.33164 V 68.161628 h 2.33164 v 6.982519 q 1.09141,-0.905371 2.25723,-1.413867 1.16582,-0.508496 2.39365,-0.508496 2.24483,0 3.42305,1.351855 1.17822,1.351856 1.17822,3.894336 z"
         style="fill:#ff003a"
         id="path4592" />
      <path
         d="m 179.04007,80.774811 h -10.20713 q 0,1.277442 0.38447,2.232422 0.38447,0.942578 1.0542,1.550293 0.64492,0.595312 1.52549,0.892969 0.89297,0.297656 1.95957,0.297656 1.41386,0 2.84013,-0.558106 1.43868,-0.570507 2.04639,-1.11621 h 0.12402 v 2.54248 q -1.17822,0.496094 -2.40605,0.830957 -1.22783,0.334863 -2.57969,0.334863 -3.44785,0 -5.38261,-1.860351 -1.93477,-1.872754 -1.93477,-5.308203 0,-3.398242 1.84795,-5.39502 1.86035,-1.996777 4.88652,-1.996777 2.80293,0 4.31602,1.637109 1.52549,1.63711 1.52549,4.650879 z m -2.26963,-1.785937 q -0.0124,-1.835547 -0.93018,-2.840137 -0.90537,-1.00459 -2.76572,-1.00459 -1.87276,0 -2.98897,1.103809 -1.1038,1.103808 -1.25263,2.740918 z"
         style="fill:#ff003a"
         id="path4594" />
      <path
         d="m 191.21917,76.148737 h -0.12403 q -0.52089,-0.124023 -1.01699,-0.173633 -0.48369,-0.06201 -1.15342,-0.06201 -1.079,0 -2.08359,0.483691 -1.00459,0.471289 -1.93477,1.227832 v 9.835058 h -2.33164 V 73.606257 h 2.33164 v 2.046386 q 1.38907,-1.116211 2.44327,-1.575097 1.0666,-0.471289 2.17041,-0.471289 0.60771,0 0.88056,0.03721 0.27285,0.0248 0.81856,0.111621 z"
         style="fill:#ff003a"
         id="path4596" />
      <path
         d="m 205.01057,80.774811 h -10.20713 q 0,1.277442 0.38447,2.232422 0.38448,0.942578 1.0542,1.550293 0.64493,0.595312 1.52549,0.892969 0.89297,0.297656 1.95957,0.297656 1.41387,0 2.84014,-0.558106 1.43867,-0.570507 2.04639,-1.11621 h 0.12402 v 2.54248 q -1.17822,0.496094 -2.40606,0.830957 -1.22783,0.334863 -2.57968,0.334863 -3.44785,0 -5.38262,-1.860351 -1.93477,-1.872754 -1.93477,-5.308203 0,-3.398242 1.84795,-5.39502 1.86036,-1.996777 4.88653,-1.996777 2.80293,0 4.31601,1.637109 1.52549,1.63711 1.52549,4.650879 z m -2.26963,-1.785937 q -0.0124,-1.835547 -0.93017,-2.840137 -0.90537,-1.00459 -2.76573,-1.00459 -1.87275,0 -2.98896,1.103809 -1.10381,1.103808 -1.25264,2.740918 z"
         style="fill:#ff003a"
         id="path4598" />
      <path
         d="m 50.762631,102.16885 h -0.124024 q -0.384472,-0.11162 -1.00459,-0.22324 -0.620117,-0.12402 -1.091406,-0.12402 -1.500683,0 -2.182812,0.66972 -0.669727,0.65733 -0.669727,2.39366 v 0.47129 h 4.204395 v 1.95957 h -4.129981 v 11.89384 h -2.33164 v -11.89384 h -1.575098 v -1.95957 h 1.575098 v -0.45889 q 0,-2.46807 1.227832,-3.78272 1.227832,-1.327046 3.54707,-1.327046 0.781348,0 1.401465,0.07441 0.632519,0.07441 1.153418,0.173632 z"
         style="fill:#ff003a"
         id="path4600" />
      <path
         d="m 64.045541,112.28917 q 0,3.38584 -1.736328,5.34541 -1.736328,1.95957 -4.650879,1.95957 -2.939356,0 -4.675684,-1.95957 -1.723925,-1.95957 -1.723925,-5.34541 0,-3.38584 1.723925,-5.34541 1.736328,-1.97198 4.675684,-1.97198 2.914551,0 4.650879,1.97198 1.736328,1.95957 1.736328,5.34541 z m -2.406055,0 q 0,-2.69131 -1.054199,-3.99356 -1.054199,-1.31465 -2.926953,-1.31465 -1.897559,0 -2.951758,1.31465 -1.041797,1.30225 -1.041797,3.99356 0,2.60449 1.054199,3.95634 1.0542,1.33946 2.939356,1.33946 1.860351,0 2.914551,-1.32705 1.066601,-1.33946 1.066601,-3.96875 z"
         style="fill:#ff003a"
         id="path4602" />
      <path
         d="m 76.299056,107.89874 h -0.124023 q -0.520899,-0.12403 -1.016993,-0.17364 -0.483691,-0.062 -1.153417,-0.062 -1.079004,0 -2.083594,0.48369 -1.00459,0.47129 -1.934766,1.22784 v 9.83505 h -2.33164 v -13.85341 h 2.33164 v 2.04638 q 1.389063,-1.11621 2.443262,-1.57509 1.066601,-0.47129 2.17041,-0.47129 0.607715,0 0.880566,0.0372 0.272852,0.0248 0.818555,0.11162 z"
         style="fill:#ff003a"
         id="path4604" />
      <path
         d="m 96.068391,107.89874 h -0.124024 q -0.520898,-0.12403 -1.016992,-0.17364 -0.483691,-0.062 -1.153418,-0.062 -1.079004,0 -2.083593,0.48369 -1.00459,0.47129 -1.934766,1.22784 v 9.83505 h -2.331641 v -13.85341 h 2.331641 v 2.04638 q 1.389062,-1.11621 2.443262,-1.57509 1.066601,-0.47129 2.17041,-0.47129 0.607715,0 0.880566,0.0372 0.272852,0.0248 0.818555,0.11162 z"
         style="fill:#ff003a"
         id="path4606" />
      <path
         d="m 109.74818,119.20967 h -2.33164 v -1.53789 q -1.17823,0.93018 -2.25723,1.42627 -1.079,0.4961 -2.38125,0.4961 -2.18281,0 -3.398242,-1.32705 -1.21543,-1.33946 -1.21543,-3.91914 v -8.9917 h 2.331642 v 7.88789 q 0,1.0542 0.0992,1.81074 0.0992,0.74414 0.42168,1.27744 0.33486,0.5457 0.86816,0.79375 0.5333,0.24805 1.55029,0.24805 0.90537,0 1.97198,-0.47129 1.079,-0.47129 2.00918,-1.20303 v -10.34355 h 2.33164 z"
         style="fill:#ff003a"
         id="path4608" />
      <path
         d="m 125.92083,119.20967 h -2.33164 v -7.88789 q 0,-0.95498 -0.11162,-1.78593 -0.11162,-0.84336 -0.40928,-1.31465 -0.31006,-0.5209 -0.89297,-0.76895 -0.58291,-0.26045 -1.51308,-0.26045 -0.95498,0 -1.99678,0.47129 -1.0418,0.47129 -1.99678,1.20303 v 10.34355 h -2.33164 v -13.85341 h 2.33164 v 1.53789 q 1.09141,-0.90537 2.25723,-1.41387 1.16582,-0.5085 2.39365,-0.5085 2.24483,0 3.42305,1.35186 1.17822,1.35185 1.17822,3.89433 z"
         style="fill:#ff003a"
         id="path4610" />
      <path
         d="m 137.60384,119.08565 q -0.65733,0.17363 -1.43868,0.28525 -0.76894,0.11163 -1.37666,0.11163 -2.1208,0 -3.22461,-1.14102 -1.1038,-1.14102 -1.1038,-3.65869 v -7.36699 h -1.5751 v -1.95957 h 1.5751 v -3.98116 h 2.33164 v 3.98116 h 4.81211 v 1.95957 h -4.81211 v 6.31279 q 0,1.09141 0.0496,1.71152 0.0496,0.60772 0.34726,1.14102 0.27285,0.49609 0.74414,0.73174 0.48369,0.22324 1.46348,0.22324 0.57051,0 1.19062,-0.16123 0.62012,-0.17363 0.89297,-0.28526 h 0.12403 z"
         style="fill:#ff003a"
         id="path4612" />
      <path
         d="m 142.92445,103.03702 h -2.6293 v -2.41846 h 2.6293 z m -0.14883,16.17265 h -2.33164 v -13.85341 h 2.33164 z"
         style="fill:#ff003a"
         id="path4614" />
      <path
         d="m 167.60511,119.20967 h -2.33164 v -7.88789 q 0,-0.89297 -0.0868,-1.72392 -0.0744,-0.83096 -0.33486,-1.32705 -0.28525,-0.5333 -0.81856,-0.80616 -0.5333,-0.27285 -1.53789,-0.27285 -0.97978,0 -1.95957,0.4961 -0.97978,0.48369 -1.95957,1.24023 0.0372,0.28525 0.062,0.66973 0.0248,0.37207 0.0248,0.74414 v 8.86767 h -2.33164 v -7.88789 q 0,-0.91777 -0.0868,-1.73632 -0.0744,-0.83096 -0.33486,-1.32706 -0.28525,-0.5333 -0.81856,-0.79375 -0.5333,-0.27285 -1.53789,-0.27285 -0.95498,0 -1.92236,0.47129 -0.95498,0.47129 -1.90996,1.20303 v 10.34355 h -2.33164 v -13.85341 h 2.33164 v 1.53789 q 1.09141,-0.90537 2.17041,-1.41387 1.09141,-0.5085 2.31924,-0.5085 1.41387,0 2.39365,0.59532 0.99219,0.59531 1.47588,1.64951 1.41387,-1.19063 2.57969,-1.71153 1.16582,-0.5333 2.49287,-0.5333 2.28203,0 3.36103,1.38907 1.09141,1.37666 1.09141,3.85712 z"
         style="fill:#ff003a"
         id="path4616" />
      <path
         d="m 183.69095,112.52481 h -10.20713 q 0,1.27744 0.38447,2.23242 0.38447,0.94258 1.0542,1.5503 0.64492,0.59531 1.52549,0.89296 0.89297,0.29766 1.95957,0.29766 1.41387,0 2.84014,-0.5581 1.43867,-0.57051 2.04638,-1.11622 h 0.12403 v 2.54248 q -1.17823,0.4961 -2.40606,0.83096 -1.22783,0.33486 -2.57969,0.33486 -3.44785,0 -5.38261,-1.86035 -1.93477,-1.87275 -1.93477,-5.3082 0,-3.39824 1.84795,-5.39502 1.86035,-1.99678 4.88652,-1.99678 2.80293,0 4.31602,1.63711 1.52549,1.63711 1.52549,4.65088 z m -2.26963,-1.78594 q -0.0124,-1.83554 -0.93018,-2.84013 -0.90537,-1.00459 -2.76572,-1.00459 -1.87275,0 -2.98896,1.10381 -1.10381,1.1038 -1.25264,2.74091 z"
         style="fill:#ff003a"
         id="path4618" />
      <path
         d="M 65.688851,144.27481 H 55.481722 q 0,1.27744 0.384473,2.23242 0.384473,0.94258 1.054199,1.5503 0.644922,0.59531 1.525489,0.89296 0.892968,0.29766 1.95957,0.29766 1.413867,0 2.840136,-0.55811 1.438672,-0.5705 2.046387,-1.11621 H 65.416 v 2.54248 q -1.178223,0.4961 -2.406055,0.83096 -1.227832,0.33486 -2.579687,0.33486 -3.447852,0 -5.382618,-1.86035 -1.934765,-1.87275 -1.934765,-5.3082 0,-3.39824 1.847949,-5.39502 1.860352,-1.99678 4.886523,-1.99678 2.80293,0 4.316016,1.63711 1.525488,1.63711 1.525488,4.65088 z m -2.269629,-1.78594 q -0.0124,-1.83554 -0.930175,-2.84013 -0.905372,-1.00459 -2.765723,-1.00459 -1.872754,0 -2.988965,1.1038 -1.103808,1.10381 -1.252637,2.74092 z"
         style="fill:#ff003a"
         id="path4620" />
      <path
         d="M 81.216586,150.95967 H 78.27723 l -3.931543,-5.3206 -3.956347,5.3206 h -2.716114 l 5.407422,-6.9081 -5.357812,-6.94531 h 2.939355 l 3.906738,5.23378 3.919141,-5.23378 h 2.728516 l -5.444629,6.82128 z"
         style="fill:#ff003a"
         id="path4622" />
      <path
         d="m 95.020393,150.95967 h -2.319239 v -1.47588 q -0.310058,0.21084 -0.843359,0.59532 -0.520898,0.37207 -1.016992,0.59531 -0.58291,0.28525 -1.339453,0.47129 -0.756543,0.19844 -1.773535,0.19844 -1.872754,0 -3.175,-1.24024 -1.302246,-1.24023 -1.302246,-3.1626 0,-1.57509 0.669726,-2.54248 0.682129,-0.97978 1.934766,-1.53789 1.265039,-0.5581 3.038574,-0.75654 1.773535,-0.19844 3.807519,-0.29766 v -0.35966 q 0,-0.79375 -0.285254,-1.31465 -0.272851,-0.5209 -0.79375,-0.81856 -0.496093,-0.28525 -1.190624,-0.38447 -0.694532,-0.0992 -1.451075,-0.0992 -0.917773,0 -2.046386,0.24805 -1.128614,0.23564 -2.331641,0.69453 h -0.124023 v -2.36885 q 0.682129,-0.18603 1.971972,-0.40928 1.289844,-0.22324 2.542481,-0.22324 1.463476,0 2.54248,0.24805 1.091406,0.23564 1.885156,0.81855 0.781348,0.57051 1.190625,1.47588 0.409278,0.90537 0.409278,2.24483 z m -2.319239,-3.41064 v -3.85713 q -1.066601,0.062 -2.517675,0.18604 -1.438672,0.12402 -2.282032,0.35966 -1.004589,0.28526 -1.624707,0.89297 -0.620117,0.59531 -0.620117,1.64951 0,1.19063 0.719336,1.79834 0.719336,0.59532 2.195215,0.59532 1.227832,0 2.244824,-0.47129 1.016992,-0.48369 1.885156,-1.15342 z"
         style="fill:#ff003a"
         id="path4624" />
      <path
         d="m 119.72586,150.95967 h -2.33164 v -7.88789 q 0,-0.89297 -0.0868,-1.72392 -0.0744,-0.83096 -0.33486,-1.32705 -0.28525,-0.5333 -0.81855,-0.80616 -0.5333,-0.27285 -1.53789,-0.27285 -0.97979,0 -1.95957,0.4961 -0.97979,0.48369 -1.95957,1.24023 0.0372,0.28525 0.062,0.66973 0.0248,0.37207 0.0248,0.74414 v 8.86767 h -2.33164 v -7.88789 q 0,-0.91777 -0.0868,-1.73633 -0.0744,-0.83095 -0.33486,-1.32705 -0.28525,-0.5333 -0.81855,-0.79375 -0.5333,-0.27285 -1.53789,-0.27285 -0.95498,0 -1.92237,0.47129 -0.95498,0.47129 -1.90996,1.20303 v 10.34355 h -2.331639 v -13.85341 h 2.331639 v 1.53789 q 1.09141,-0.90537 2.17041,-1.41387 1.09141,-0.5085 2.31924,-0.5085 1.41387,0 2.39365,0.59532 0.99219,0.59531 1.47588,1.64951 1.41387,-1.19063 2.57969,-1.71153 1.16582,-0.5333 2.49287,-0.5333 2.28203,0 3.36104,1.38907 1.0914,1.37666 1.0914,3.85712 z"
         style="fill:#ff003a"
         id="path4626" />
      <path
         d="m 136.40701,143.86553 q 0,1.68672 -0.48369,3.08819 -0.48369,1.38906 -1.36426,2.35644 -0.81855,0.91778 -1.93476,1.42627 -1.10381,0.49609 -2.34405,0.49609 -1.079,0 -1.95957,-0.23564 -0.86816,-0.23564 -1.77353,-0.73174 v 5.8043 h -2.33164 v -18.96318 h 2.33164 v 1.45107 q 0.93017,-0.78135 2.08359,-1.30225 1.16582,-0.5333 2.48047,-0.5333 2.50527,0 3.89434,1.89756 1.40146,1.88516 1.40146,5.24619 z m -2.40605,0.062 q 0,-2.50527 -0.85576,-3.7455 -0.85577,-1.24024 -2.6293,-1.24024 -1.00459,0 -2.02158,0.43408 -1.017,0.43409 -1.94717,1.14102 v 7.85068 q 0.99219,0.44649 1.69912,0.60772 0.71934,0.16123 1.62471,0.16123 1.94717,0 3.03857,-1.31465 1.09141,-1.31465 1.09141,-3.89434 z"
         style="fill:#ff003a"
         id="path4628" />
      <path
         d="m 142.39735,150.95967 h -2.33164 v -19.29804 h 2.33164 z"
         style="fill:#ff003a"
         id="path4630" />
      <path
         d="m 158.60721,144.27481 h -10.20713 q 0,1.27744 0.38447,2.23242 0.38448,0.94258 1.0542,1.5503 0.64492,0.59531 1.52549,0.89296 0.89297,0.29766 1.95957,0.29766 1.41387,0 2.84014,-0.55811 1.43867,-0.5705 2.04638,-1.11621 h 0.12403 v 2.54248 q -1.17823,0.4961 -2.40606,0.83096 -1.22783,0.33486 -2.57968,0.33486 -3.44786,0 -5.38262,-1.86035 -1.93477,-1.87275 -1.93477,-5.3082 0,-3.39824 1.84795,-5.39502 1.86035,-1.99678 4.88653,-1.99678 2.80292,0 4.31601,1.63711 1.52549,1.63711 1.52549,4.65088 z m -2.26963,-1.78594 q -0.0124,-1.83554 -0.93018,-2.84013 -0.90537,-1.00459 -2.76572,-1.00459 -1.87275,0 -2.98896,1.1038 -1.10381,1.10381 -1.25264,2.74092 z"
         style="fill:#ff003a"
         id="path4632" />
      <path
         d="m 172.03895,146.96612 q 0,1.89756 -1.5751,3.11299 -1.5627,1.21543 -4.27881,1.21543 -1.53789,0 -2.82773,-0.35967 -1.27744,-0.37207 -2.14561,-0.80615 v -2.6169 h 0.12402 q 1.10381,0.83096 2.45567,1.32705 1.35185,0.48369 2.59209,0.48369 1.53789,0 2.40605,-0.49609 0.86817,-0.49609 0.86817,-1.56269 0,-0.81856 -0.47129,-1.24024 -0.47129,-0.42168 -1.81074,-0.71934 -0.4961,-0.11162 -1.30225,-0.26044 -0.79375,-0.14883 -1.45107,-0.32247 -1.82315,-0.48369 -2.59209,-1.41386 -0.75655,-0.94258 -0.75655,-2.30684 0,-0.85576 0.34727,-1.6123 0.35967,-0.75655 1.079,-1.35186 0.69453,-0.58291 1.76114,-0.91777 1.079,-0.34727 2.40605,-0.34727 1.24023,0 2.50527,0.31006 1.27744,0.29766 2.1208,0.73174 v 2.49287 h -0.12402 q -0.89297,-0.65732 -2.17041,-1.10381 -1.27744,-0.45889 -2.50527,-0.45889 -1.27744,0 -2.15801,0.4961 -0.88057,0.48369 -0.88057,1.45107 0,0.85576 0.5333,1.28985 0.5209,0.43408 1.68672,0.70693 0.64492,0.14883 1.43867,0.29766 0.80616,0.14882 1.33946,0.27285 1.6247,0.37207 2.50527,1.27744 0.88057,0.91777 0.88057,2.43086 z"
         style="fill:#ff003a"
         id="path4634" />
      <path
         d="m 179.46795,132.49258 -0.32246,13.38213 h -2.1084 l -0.34727,-13.38213 z m -0.12402,18.46709 h -2.53008 v -2.61689 h 2.53008 z"
         style="fill:#ff003a"
         id="path4636" />
    </g>
  </g>
</svg>
