<?xml version="1.0" encoding="UTF-8" standalone="no"?>
<svg
   xmlns:dc="http://purl.org/dc/elements/1.1/"
   xmlns:cc="http://creativecommons.org/ns#"
   xmlns:rdf="http://www.w3.org/1999/02/22-rdf-syntax-ns#"
   xmlns:svg="http://www.w3.org/2000/svg"
   xmlns="http://www.w3.org/2000/svg"
   xmlns:sodipodi="http://sodipodi.sourceforge.net/DTD/sodipodi-0.dtd"
   xmlns:inkscape="http://www.inkscape.org/namespaces/inkscape"
   height="1905.6437"
   width="2274.1572"
   version="1.1"
   viewBox="0 0 2274.1463 1905.6392"
   id="svg2"
   inkscape:version="0.91 r13725"
   sodipodi:docname="SimpleTreeBauble-set.svg">
  <metadata
     id="metadata18">
    <rdf:RDF>
      <cc:Work
         rdf:about="">
        <dc:format>image/svg+xml</dc:format>
        <dc:type
           rdf:resource="http://purl.org/dc/dcmitype/StillImage" />
        <dc:title></dc:title>
      </cc:Work>
    </rdf:RDF>
  </metadata>
  <defs
     id="defs16" />
  <sodipodi:namedview
     pagecolor="#ffffff"
     bordercolor="#666666"
     borderopacity="1"
     objecttolerance="10"
     gridtolerance="10"
     guidetolerance="10"
     inkscape:pageopacity="0"
     inkscape:pageshadow="2"
     inkscape:window-width="1916"
     inkscape:window-height="1035"
     id="namedview14"
     showgrid="false"
     fit-margin-top="0"
     fit-margin-left="0"
     fit-margin-right="0"
     fit-margin-bottom="0"
     showguides="true"
     inkscape:guide-bbox="true"
     inkscape:zoom="0.17603903"
     inkscape:cx="251.27777"
     inkscape:cy="1486.1285"
     inkscape:window-x="4"
     inkscape:window-y="1"
     inkscape:window-maximized="1"
     inkscape:current-layer="g4" />
  <g
     transform="matrix(4,0,0,4,19.371132,19.120437)"
     id="g4">
    <g
       id="g4554">
      <rect
         id="rect6"
         x="62.327999"
         y="42.289001"
         width="10"
         height="10"
         style="fill:#cccccc" />
      <path
         id="path8"
         d="m 77.328,0 -21,21 0,4 12,12 5,0 0,-5 -9,-9 15,-15 15,15 -9,9 0,5 5,0 12,-12 0,-4 -21,-21 -4,0 z m -16,41 0,14 36,0 0,-14 -36,0 z m 4,2 3,0 0,9 -3,0 0,-9 z"
         inkscape:connector-curvature="0"
         style="fill:#666666" />
      <path
         id="path10"
         d="m 135.47,193.98 a 79.357,79.357 0 0 1 -112.23,0 79.357,79.357 0 0 1 -2e-6,-112.23 79.357,79.357 0 0 1 112.230002,1.2e-5 79.357,79.357 0 0 1 1e-5,112.229998 z"
         inkscape:connector-curvature="0"
         style="fill:#80002a" />
      <path
         inkscape:connector-curvature="0"
         id="path4296"
         d="m 55.271127,133.5589 -6.069006,3.90151 c 0,0 12.138015,14.08876 11.704513,14.95577 -0.433499,0.867 -16.689772,25.14303 -16.689772,25.14303 l -10.620763,2.1675 -2.817754,4.55176 24.709534,1.3005 56.788571,-11.70452 -2.1675,-24.27603 -3.90151,-6.50251 -12.571513,-6.28575 -4.118255,-22.32528 3.684756,-12.57152 -0.650251,-1.08375 -4.551757,-6.50251 -10.620763,6.06901 -7.58626,16.90652 -8.886763,11.27101 z"
         style="fill:#ffdd55;fill-rule:evenodd;stroke:none;stroke-width:0.24999943px;stroke-linecap:butt;stroke-linejoin:miter;stroke-opacity:1" />
      <path
         style="fill:#83d162;fill-opacity:1"
         id="path12"
         d="m 94.37,195.26 c -0.97022,-0.75601 -3.1792,-1.1935 -7.9582,-1.5763 -0.15495,-0.0124 -0.8712,-0.51858 -1.5917,-1.1248 -1.7273,-1.4534 -4.2273,-1.21 -9.4241,0.91776 -2.3667,0.96899 -4.7375,1.6219 -6.381,1.7573 l -2.615,0.22 0,-7.1484 -2.4059,0.17835 c -1.3233,0.0981 -6.1718,0.36132 -10.774,0.58495 -4.6027,0.22362 -10.157,0.687 -12.344,1.0297 -9.773,1.5321 -13.132,-0.18057 -10.643,-5.4261 l 0.65428,-1.3788 7.8188,-0.26086 c 37.327,-1.2454 58.763,-10.975 70.381,-31.945 1.1439,-2.0646 1.2492,-2.0609 5.432,0.1927 10.368,5.5858 12.959,13.096 4.519,13.096 -5.6077,0 -4.7283,2.2276 3.9532,10.014 6.7433,6.0478 8.4715,9.0496 6.5884,11.444 -1.4024,1.7829 -3.1542,2.0248 -17.482,2.4143 -15.787,0.42917 -14.315,-0.0229 -14.315,4.3968 l 0,3.5319 -1.1507,-0.0233 c -0.63287,-0.0128 -1.6504,-0.41261 -2.2611,-0.88849 z M 33.074,179.99 c 0.15797,-0.15795 1.7428,-1.0623 3.5218,-2.0097 2.7104,-1.4434 3.5277,-2.1427 5.0439,-4.3155 l 1.8093,-2.5929 -1.8093,-0.007 c -6.7723,-0.0257 -6.9504,-3.4077 -0.42618,-8.094 7.0147,-5.0386 8.8683,-7.3656 8.8683,-11.133 l 0,-1.6871 -2.4734,0 c -6.465,0 -6.2398,-6.3665 0.41556,-11.746 2.8611,-2.3124 2.7141,-2.3115 5.2076,-0.0326 7.5431,6.894 17.906,9.3608 41.726,9.933 6.8465,0.16446 12.444,0.41153 12.44,0.54905 -0.004,0.13753 -1.2222,1.9447 -2.7058,4.0159 -13.192,18.417 -34.367,27.407 -64.557,27.407 -4.0413,0 -7.2186,-0.12925 -7.0607,-0.28722 z m 47.971,-34.72 c -14.189,-1.3005 -29.697,-7.2726 -23.118,-8.9023 13.234,-3.2781 30.777,-20.449 34.012,-33.29 0.74597,-2.9612 0.87516,-3.0023 3.8165,-1.2155 8.0993,4.92 7.6746,9.6731 -1.0069,11.271 -3.9413,0.72553 -0.81454,5.5164 8.7763,13.447 10.286,8.5054 11.609,12.263 4.3242,12.278 -5.1896,0.0108 -5.3758,0.38525 -2.0086,4.0383 2.1415,2.3232 -11.303,3.61 -24.795,2.3732 z m -25.21,-13.3 c 4.3063,-4.0558 4.3163,-4.0011 -0.73224,-4.0011 l -4.1843,0 5.87e-4,-1.9875 c 5.88e-4,-3.0889 1.0212,-4.5095 6.6941,-9.3212 6.0674,-5.1462 7.1132,-6.4764 7.1132,-9.0468 l 0,-1.821 -1.9037,0 c -7.1248,0 -5.7134,-5.3647 3.9759,-15.112 3.5643,-3.5857 5.3169,-5.7261 6.6809,-8.1593 4.2777,-7.6308 8.135,-5.7119 12.976,6.455 0.944,2.3727 2.274,5.4187 2.9556,6.769 l 1.2393,2.455 -0.83709,3.2732 c -3.1921,12.482 -14.995,24.43 -31.073,31.453 -6.5848,2.8766 -6.8743,2.7814 -2.9056,-0.95635 z"
         inkscape:connector-curvature="0" />
    </g>
    <g
       id="g4410"
       transform="translate(192.7919,1.6974568)">
      <rect
         id="rect4412"
         x="62.327999"
         y="42.289001"
         width="10"
         height="10"
         style="fill:#cccccc" />
      <path
         id="path4414"
         d="m 77.328,0 -21,21 0,4 12,12 5,0 0,-5 -9,-9 15,-15 15,15 -9,9 0,5 5,0 12,-12 0,-4 -21,-21 -4,0 z m -16,41 0,14 36,0 0,-14 -36,0 z m 4,2 3,0 0,9 -3,0 0,-9 z"
         inkscape:connector-curvature="0"
         style="fill:#666666" />
      <path
         id="path4416"
         d="m 135.47,193.98 a 79.357,79.357 0 0 1 -112.23,0 79.357,79.357 0 0 1 -2e-6,-112.23 79.357,79.357 0 0 1 112.230002,1.2e-5 79.357,79.357 0 0 1 1e-5,112.229998 z"
         inkscape:connector-curvature="0"
         style="fill:#000080" />
      <path
         id="path4418"
         transform="matrix(0.81313,0.27961,-0.27961,0.81313,56.091,1.8102)"
         d="m 97.107,214.6 c -1.0897,0.292 -30.094,-46.626 -31.148,-47.03 -1.0533,-0.40431 -54.002,15.055 -54.617,14.109 -0.61446,-0.94618 35.044,-43.03 35.103,-44.156 0.05905,-1.1266 -31.006,-46.707 -30.296,-47.584 0.70999,-0.87677 51.753,20.032 52.843,19.74 1.0897,-0.292 34.84,-43.921 35.893,-43.517 1.0533,0.40431 -3.0594,55.41 -2.4449,56.356 0.61446,0.94618 52.538,19.562 52.479,20.689 -0.059,1.1266 -53.644,14.213 -54.354,15.09 -0.71,0.87677 -2.3696,56.011 -3.4593,56.303 z"
         inkscape:connector-curvature="0"
         style="fill:none;stroke:#7c7cff;stroke-width:7.59110022" />
    </g>
    <g
       id="g4489"
       transform="translate(393.66238,-0.28012008)">
      <rect
         id="rect4491"
         x="62.327999"
         y="42.289001"
         width="10"
         height="10"
         style="fill:#cccccc" />
      <path
         id="path4493"
         d="M 158.71,137.87 A 79.357,79.357 0 0 1 79.357,217.22 79.357,79.357 0 0 1 0,137.87 79.357,79.357 0 0 1 79.357,58.51 79.357,79.357 0 0 1 158.71,137.87 Z"
         inkscape:connector-curvature="0"
         style="fill:#7f8000" />
      <path
         id="path4495"
         d="m 77.328,0 -21,21 0,4 12,12 5,0 0,-5 -9,-9 15,-15 15,15 -9,9 0,5 5,0 12,-12 0,-4 -21,-21 -4,0 z m -16,41 0,14 36,0 0,-14 -36,0 z m 4,2 3,0 0,9 -3,0 0,-9 z"
         inkscape:connector-curvature="0"
         style="fill:#666666" />
      <path
         id="path4497"
         d="m 28.383,110.82 c -8.207,0.18234 -16.703,1.6427 -24.943,4.0098 a 79.357,79.357 0 0 0 -2.7168,12.967 c 1.9086,1.0672 3.7994,2.2414 5.6602,3.5644 3.2361,2.4671 6.2485,5.1963 9.0176,8.1504 -4.3267,2.2633 -9.3539,4.563 -14.887,6.5723 a 79.357,79.357 0 0 0 1.6582,9.8105 c 16.541,6.4271 38.049,4.9205 57.219,-1.1719 16.86,7.761 39.738,6.4395 60,0 10.445,4.8082 23.201,6.1255 36.213,4.9043 a 79.357,79.357 0 0 0 1.8418,-8.0527 c -3.8612,0.41727 -7.8179,0.59208 -11.842,0.42969 -0.93347,-2.5694 -2.0113,-5.0712 -3.2285,-7.498 1.4753,-0.88267 2.913,-1.7861 4.2852,-2.7207 2.8727,-2.012 6.3723,-4.2472 10.359,-6.498 0.54423,0.75262 1.1078,1.4904 1.6816,2.2207 a 79.357,79.357 0 0 0 -0.99023,-11.877 c -0.88633,0.50617 -1.7618,1.0202 -2.6191,1.543 -1.9084,-2.3133 -3.6812,-4.7401 -5.2969,-7.2773 2.2754,0.0136 4.5574,0.13604 6.8398,0.36719 a 79.357,79.357 0 0 0 -2.7227,-9.3652 c -11.992,-0.60863 -24.908,1.7586 -36.93,5.9746 -16.652,-8.9924 -39.615,-7.1491 -60,0 -8.3262,-4.4962 -18.229,-6.2831 -28.6,-6.0527 z m -0.72266,9.0723 c 0.30932,-0.007 0.62002,0.005 0.92969,0.002 1.1878,3.0198 2.5898,5.936 4.1719,8.7442 -0.99905,0.64746 -1.9818,1.3012 -2.9316,1.9688 -2.2692,1.6888 -6.1745,4.3353 -11.287,7.1973 -3.5077,-5.4097 -7.7581,-10.317 -12.643,-14.582 6.9656,-1.9033 14.306,-3.1641 21.76,-3.3301 z m 60,0 c 0.30932,-0.007 0.62002,0.005 0.92969,0.002 1.1878,3.0198 2.5898,5.936 4.1719,8.7442 -0.99905,0.64746 -1.9818,1.3012 -2.9316,1.9688 -2.2692,1.6888 -6.1745,4.3353 -11.287,7.1973 -3.5077,-5.4097 -7.7581,-10.317 -12.643,-14.582 6.9656,-1.9033 14.306,-3.1641 21.76,-3.3301 z m 60,0 c 0.30931,-0.007 0.62002,0.005 0.92968,0.002 1.1878,3.0198 2.5898,5.936 4.1719,8.7442 -0.99905,0.64746 -1.9818,1.3012 -2.9316,1.9688 -2.2692,1.6888 -6.1746,4.3353 -11.287,7.1973 -3.5077,-5.4097 -7.7581,-10.317 -12.643,-14.582 6.9656,-1.9033 14.306,-3.1641 21.76,-3.3301 z m -117.87,0.004 c 5.1349,0.0308 10.306,0.57665 15.43,1.8125 -3.5499,1.687 -6.945,3.5212 -10.133,5.4648 -1.9084,-2.3133 -3.6812,-4.7401 -5.2969,-7.2773 z m 60,0 c 5.1349,0.0308 10.306,0.57665 15.43,1.8125 -3.5499,1.687 -6.945,3.5212 -10.133,5.4648 -1.9084,-2.3133 -3.6812,-4.7401 -5.2969,-7.2773 z m -32.57,6.0723 c 3.1058,1.4855 6.1667,3.2656 9.1582,5.3926 3.2361,2.4671 6.2485,5.1963 9.0176,8.1504 -4.4125,2.3082 -9.5457,4.6582 -15.209,6.6953 -4.3706,-1.9141 -8.7253,-4.3456 -13.021,-7.4004 -2.257,-1.7206 -4.4038,-3.573 -6.4375,-5.5352 4.9577,-2.6034 10.515,-5.1448 16.492,-7.3027 z m 60,0 c 3.1058,1.4855 6.1668,3.2656 9.1582,5.3926 3.2361,2.4671 6.2486,5.1963 9.0176,8.1504 -4.4125,2.3082 -9.5458,4.6582 -15.209,6.6953 -4.3706,-1.9141 -8.7253,-4.3456 -13.021,-7.4004 -2.257,-1.7206 -4.4038,-3.573 -6.4375,-5.5352 4.9577,-2.6034 10.515,-5.1448 16.492,-7.3027 z m -80.205,9.3184 c 3.7746,5.2199 8.2673,9.9152 13.379,13.936 -7.7264,1.9698 -16.114,3.1316 -24.795,2.7812 -0.93346,-2.5694 -2.0113,-5.0712 -3.2285,-7.498 1.4753,-0.88267 2.9129,-1.7861 4.2852,-2.7207 2.8727,-2.012 6.3723,-4.2472 10.359,-6.498 z m 60,0 c 3.7746,5.2199 8.2673,9.9152 13.379,13.936 -7.7264,1.9698 -16.114,3.1316 -24.795,2.7812 -0.93346,-2.5694 -2.0113,-5.0712 -3.2285,-7.498 1.4753,-0.88267 2.9129,-1.7861 4.2852,-2.7207 2.8727,-2.012 6.3723,-4.2472 10.359,-6.498 z m -76.51,10.305 c 1.5368,2.0443 2.9715,4.1696 4.291,6.3711 -4.3391,-0.22152 -8.7471,-0.81712 -13.18,-1.8906 3.0967,-1.3837 6.0715,-2.8818 8.8887,-4.4805 z m 60,0 c 1.5368,2.0443 2.9715,4.1696 4.291,6.3711 -4.3391,-0.22152 -8.7471,-0.81712 -13.18,-1.8906 3.0967,-1.3837 6.0715,-2.8818 8.8887,-4.4805 z m 60,0 c 1.5368,2.0443 2.9715,4.1696 4.291,6.3711 -4.339,-0.22152 -8.7471,-0.81712 -13.18,-1.8906 3.0968,-1.3837 6.0715,-2.8818 8.8887,-4.4805 z"
         inkscape:connector-curvature="0"
         style="fill:#feff7c" />
    </g>
    <g
       id="g4547"
       transform="translate(-8.9999784,0)">
      <rect
         style="fill:#cccccc"
         height="10"
         width="10"
         y="282.03763"
         x="467.30878"
         id="rect4510" />
      <path
         style="fill:#666666"
         inkscape:connector-curvature="0"
         d="m 482.3088,239.74864 -21,21 0,4 12,12 5,0 0,-5 -9,-9 15,-15 15,15 -9,9 0,5 5,0 12,-12 0,-4 -21,-21 -4,0 z m -16,41 0,14 36,0 0,-14 -36,0 z m 4,2 3,0 0,9 -3,0 0,-9 z"
         id="path4512" />
      <path
         style="fill:#b24b18;fill-opacity:1"
         inkscape:connector-curvature="0"
         d="m 540.4508,433.72864 a 79.357,79.357 0 0 1 -112.23,0 79.357,79.357 0 0 1 -10e-6,-112.23 79.357,79.357 0 0 1 112.23,10e-6 79.357,79.357 0 0 1 10e-6,112.23 z"
         id="path4514" />
      <path
         style="fill:#55ffef;fill-opacity:1;fill-rule:evenodd;stroke:none;stroke-width:0.24999943px;stroke-linecap:butt;stroke-linejoin:miter;stroke-opacity:1"
         d="m 460.25192,373.30754 -6.069,3.90151 c 0,0 12.13801,14.08876 11.70451,14.95577 -0.4335,0.867 -16.68977,25.14303 -16.68977,25.14303 l -10.62076,2.1675 -2.81776,4.55176 24.70954,1.3005 56.78857,-11.70452 -2.1675,-24.27603 -3.90151,-6.50251 -12.57152,-6.28575 -4.11825,-22.32528 3.68475,-12.57152 -0.65025,-1.08375 -4.55175,-6.50251 -10.62077,6.06901 -7.58626,16.90652 -8.88676,11.27101 z"
         id="path4516"
         inkscape:connector-curvature="0" />
      <path
         inkscape:connector-curvature="0"
         d="m 499.3508,435.00864 c -0.97022,-0.75601 -3.1792,-1.1935 -7.9582,-1.5763 -0.15495,-0.0124 -0.8712,-0.51858 -1.5917,-1.1248 -1.7273,-1.4534 -4.2273,-1.21 -9.4241,0.91776 -2.3667,0.96899 -4.7375,1.6219 -6.381,1.7573 l -2.615,0.22 0,-7.1484 -2.4059,0.17835 c -1.3233,0.0981 -6.1718,0.36132 -10.774,0.58495 -4.6027,0.22362 -10.157,0.687 -12.344,1.0297 -9.773,1.5321 -13.132,-0.18057 -10.643,-5.4261 l 0.65428,-1.3788 7.8188,-0.26086 c 37.327,-1.2454 58.763,-10.975 70.381,-31.945 1.1439,-2.0646 1.2492,-2.0609 5.432,0.1927 10.368,5.5858 12.959,13.096 4.519,13.096 -5.6077,0 -4.7283,2.2276 3.9532,10.014 6.7433,6.0478 8.4715,9.0496 6.5884,11.444 -1.4024,1.7829 -3.1542,2.0248 -17.482,2.4143 -15.787,0.42917 -14.315,-0.0229 -14.315,4.3968 l 0,3.5319 -1.1507,-0.0233 c -0.63287,-0.0128 -1.6504,-0.41261 -2.2611,-0.88849 z m -61.296,-15.27 c 0.15797,-0.15795 1.7428,-1.0623 3.5218,-2.0097 2.7104,-1.4434 3.5277,-2.1427 5.0439,-4.3155 l 1.8093,-2.5929 -1.8093,-0.007 c -6.7723,-0.0257 -6.9504,-3.4077 -0.42618,-8.094 7.0147,-5.0386 8.8683,-7.3656 8.8683,-11.133 l 0,-1.6871 -2.4734,0 c -6.465,0 -6.2398,-6.3665 0.41556,-11.746 2.8611,-2.3124 2.7141,-2.3115 5.2076,-0.0326 7.5431,6.894 17.906,9.3608 41.726,9.933 6.8465,0.16446 12.444,0.41153 12.44,0.54905 -0.004,0.13753 -1.2222,1.9447 -2.7058,4.0159 -13.192,18.417 -34.367,27.407 -64.557,27.407 -4.0413,0 -7.2186,-0.12925 -7.0607,-0.28722 z m 47.971,-34.72 c -14.189,-1.3005 -29.697,-7.2726 -23.118,-8.9023 13.234,-3.2781 30.777,-20.449 34.012,-33.29 0.74597,-2.9612 0.87516,-3.0023 3.8165,-1.2155 8.0993,4.92 7.6746,9.6731 -1.0069,11.271 -3.9413,0.72553 -0.81454,5.5164 8.7763,13.447 10.286,8.5054 11.609,12.263 4.3242,12.278 -5.1896,0.0108 -5.3758,0.38525 -2.0086,4.0383 2.1415,2.3232 -11.303,3.61 -24.795,2.3732 z m -25.21,-13.3 c 4.3063,-4.0558 4.3163,-4.0011 -0.73224,-4.0011 l -4.1843,0 5.8e-4,-1.9875 c 5.9e-4,-3.0889 1.0212,-4.5095 6.6941,-9.3212 6.0674,-5.1462 7.1132,-6.4764 7.1132,-9.0468 l 0,-1.821 -1.9037,0 c -7.1248,0 -5.7134,-5.3647 3.9759,-15.112 3.5643,-3.5857 5.3169,-5.7261 6.6809,-8.1593 4.2777,-7.6308 8.135,-5.7119 12.976,6.455 0.944,2.3727 2.274,5.4187 2.9556,6.769 l 1.2393,2.455 -0.83709,3.2732 c -3.1921,12.482 -14.995,24.43 -31.073,31.453 -6.5848,2.8766 -6.8743,2.7814 -2.9056,-0.95635 z"
         id="path4518"
         style="fill:#62d181;fill-opacity:1" />
    </g>
    <g
       id="g4561"
       transform="translate(2.499994,-13.999968)">
      <rect
         style="fill:#cccccc"
         height="10"
         width="10"
         y="296.69446"
         x="57.489273"
         id="rect4522" />
      <path
         style="fill:#666666"
         inkscape:connector-curvature="0"
         d="m 72.489274,254.40547 -21,21 0,4 12,12 5,0 0,-5 -9,-9 15,-15 15,15 -9,9 0,5 5,0 12,-12 0,-4 -21,-21 -4,0 z m -16,41 0,14 36,0 0,-14 -36,0 z m 4,2 3,0 0,9 -3,0 0,-9 z"
         id="path4524" />
      <path
         style="fill:#188000;fill-opacity:1"
         inkscape:connector-curvature="0"
         d="m 130.63127,448.38547 a 79.357,79.357 0 0 1 -112.229996,0 79.357,79.357 0 0 1 -2e-6,-112.23 79.357,79.357 0 0 1 112.229998,1e-5 79.357,79.357 0 0 1 1e-5,112.23 z"
         id="path4526" />
      <path
         style="fill:none;stroke:#e55f5a;stroke-width:6.52729654;stroke-opacity:1"
         inkscape:connector-curvature="0"
         d="M 70.208583,457.86546 C 69.240869,457.7982 58.775345,411.53787 58.031268,410.91466 57.287847,410.29139 9.9110932,408.05683 9.6755293,407.11565 9.4404548,406.17448 50.202475,381.92532 50.565291,381.02623 c 0.363024,-0.89956 -12.152165,-46.64845 -11.329624,-47.16304 0.822467,-0.51441 36.480769,30.75928 37.448727,30.82662 0.967714,0.0673 40.610196,-25.97187 41.353466,-25.34894 0.74342,0.62327 -17.98088,44.2001 -17.74573,45.14114 0.23508,0.94117 37.2505,30.5966 36.8874,31.4965 -0.36298,0.89957 -47.59364,-3.44238 -48.41618,-2.92779 -0.822476,0.5144 -17.588029,44.88166 -18.555743,44.8144 z"
         id="path4528" />
    </g>
    <g
       id="g4567"
       transform="translate(-10.999974,-6.4999844)">
      <g
         id="g4530"
         transform="translate(205.75129,247.92791)">
        <rect
           id="rect4532"
           x="62.327999"
           y="42.289001"
           width="10"
           height="10"
           style="fill:#cccccc" />
        <path
           id="path4534"
           d="M 158.71,137.87 A 79.357,79.357 0 0 1 79.357,217.22 79.357,79.357 0 0 1 0,137.87 79.357,79.357 0 0 1 79.357,58.51 79.357,79.357 0 0 1 158.71,137.87 Z"
           inkscape:connector-curvature="0"
           style="fill:#cc47c6;fill-opacity:1" />
        <path
           id="path4536"
           d="m 77.328,0 -21,21 0,4 12,12 5,0 0,-5 -9,-9 15,-15 15,15 -9,9 0,5 5,0 12,-12 0,-4 -21,-21 -4,0 z m -16,41 0,14 36,0 0,-14 -36,0 z m 4,2 3,0 0,9 -3,0 0,-9 z"
           inkscape:connector-curvature="0"
           style="fill:#666666" />
        <path
           id="path4538"
           d="m 28.383,110.82 c -8.207,0.18234 -16.703,1.6427 -24.943,4.0098 a 79.357,79.357 0 0 0 -2.7168,12.967 c 1.9086,1.0672 3.7994,2.2414 5.6602,3.5644 3.2361,2.4671 6.2485,5.1963 9.0176,8.1504 -4.3267,2.2633 -9.3539,4.563 -14.887,6.5723 a 79.357,79.357 0 0 0 1.6582,9.8105 c 16.541,6.4271 38.049,4.9205 57.219,-1.1719 16.86,7.761 39.738,6.4395 60,0 10.445,4.8082 23.201,6.1255 36.213,4.9043 a 79.357,79.357 0 0 0 1.8418,-8.0527 c -3.8612,0.41727 -7.8179,0.59208 -11.842,0.42969 -0.93347,-2.5694 -2.0113,-5.0712 -3.2285,-7.498 1.4753,-0.88267 2.913,-1.7861 4.2852,-2.7207 2.8727,-2.012 6.3723,-4.2472 10.359,-6.498 0.54423,0.75262 1.1078,1.4904 1.6816,2.2207 a 79.357,79.357 0 0 0 -0.99023,-11.877 c -0.88633,0.50617 -1.7618,1.0202 -2.6191,1.543 -1.9084,-2.3133 -3.6812,-4.7401 -5.2969,-7.2773 2.2754,0.0136 4.5574,0.13604 6.8398,0.36719 a 79.357,79.357 0 0 0 -2.7227,-9.3652 c -11.992,-0.60863 -24.908,1.7586 -36.93,5.9746 -16.652,-8.9924 -39.615,-7.1491 -60,0 -8.3262,-4.4962 -18.229,-6.2831 -28.6,-6.0527 z m -0.72266,9.0723 c 0.30932,-0.007 0.62002,0.005 0.92969,0.002 1.1878,3.0198 2.5898,5.936 4.1719,8.7442 -0.99905,0.64746 -1.9818,1.3012 -2.9316,1.9688 -2.2692,1.6888 -6.1745,4.3353 -11.287,7.1973 -3.5077,-5.4097 -7.7581,-10.317 -12.643,-14.582 6.9656,-1.9033 14.306,-3.1641 21.76,-3.3301 z m 60,0 c 0.30932,-0.007 0.62002,0.005 0.92969,0.002 1.1878,3.0198 2.5898,5.936 4.1719,8.7442 -0.99905,0.64746 -1.9818,1.3012 -2.9316,1.9688 -2.2692,1.6888 -6.1745,4.3353 -11.287,7.1973 -3.5077,-5.4097 -7.7581,-10.317 -12.643,-14.582 6.9656,-1.9033 14.306,-3.1641 21.76,-3.3301 z m 60,0 c 0.30931,-0.007 0.62002,0.005 0.92968,0.002 1.1878,3.0198 2.5898,5.936 4.1719,8.7442 -0.99905,0.64746 -1.9818,1.3012 -2.9316,1.9688 -2.2692,1.6888 -6.1746,4.3353 -11.287,7.1973 -3.5077,-5.4097 -7.7581,-10.317 -12.643,-14.582 6.9656,-1.9033 14.306,-3.1641 21.76,-3.3301 z m -117.87,0.004 c 5.1349,0.0308 10.306,0.57665 15.43,1.8125 -3.5499,1.687 -6.945,3.5212 -10.133,5.4648 -1.9084,-2.3133 -3.6812,-4.7401 -5.2969,-7.2773 z m 60,0 c 5.1349,0.0308 10.306,0.57665 15.43,1.8125 -3.5499,1.687 -6.945,3.5212 -10.133,5.4648 -1.9084,-2.3133 -3.6812,-4.7401 -5.2969,-7.2773 z m -32.57,6.0723 c 3.1058,1.4855 6.1667,3.2656 9.1582,5.3926 3.2361,2.4671 6.2485,5.1963 9.0176,8.1504 -4.4125,2.3082 -9.5457,4.6582 -15.209,6.6953 -4.3706,-1.9141 -8.7253,-4.3456 -13.021,-7.4004 -2.257,-1.7206 -4.4038,-3.573 -6.4375,-5.5352 4.9577,-2.6034 10.515,-5.1448 16.492,-7.3027 z m 60,0 c 3.1058,1.4855 6.1668,3.2656 9.1582,5.3926 3.2361,2.4671 6.2486,5.1963 9.0176,8.1504 -4.4125,2.3082 -9.5458,4.6582 -15.209,6.6953 -4.3706,-1.9141 -8.7253,-4.3456 -13.021,-7.4004 -2.257,-1.7206 -4.4038,-3.573 -6.4375,-5.5352 4.9577,-2.6034 10.515,-5.1448 16.492,-7.3027 z m -80.205,9.3184 c 3.7746,5.2199 8.2673,9.9152 13.379,13.936 -7.7264,1.9698 -16.114,3.1316 -24.795,2.7812 -0.93346,-2.5694 -2.0113,-5.0712 -3.2285,-7.498 1.4753,-0.88267 2.9129,-1.7861 4.2852,-2.7207 2.8727,-2.012 6.3723,-4.2472 10.359,-6.498 z m 60,0 c 3.7746,5.2199 8.2673,9.9152 13.379,13.936 -7.7264,1.9698 -16.114,3.1316 -24.795,2.7812 -0.93346,-2.5694 -2.0113,-5.0712 -3.2285,-7.498 1.4753,-0.88267 2.9129,-1.7861 4.2852,-2.7207 2.8727,-2.012 6.3723,-4.2472 10.359,-6.498 z m -76.51,10.305 c 1.5368,2.0443 2.9715,4.1696 4.291,6.3711 -4.3391,-0.22152 -8.7471,-0.81712 -13.18,-1.8906 3.0967,-1.3837 6.0715,-2.8818 8.8887,-4.4805 z m 60,0 c 1.5368,2.0443 2.9715,4.1696 4.291,6.3711 -4.3391,-0.22152 -8.7471,-0.81712 -13.18,-1.8906 3.0967,-1.3837 6.0715,-2.8818 8.8887,-4.4805 z m 60,0 c 1.5368,2.0443 2.9715,4.1696 4.291,6.3711 -4.339,-0.22152 -8.7471,-0.81712 -13.18,-1.8906 3.0968,-1.3837 6.0715,-2.8818 8.8887,-4.4805 z"
           inkscape:connector-curvature="0"
           style="fill:#c5f69a;fill-opacity:1" />
      </g>
    </g>
  </g>
</svg>
